7500000	7500000	28624.719
7500000	7550000	12310.194
7550000	7550000	28938.71
7500000	7600000	4823.864
7550000	7600000	8305.652
7600000	7600000	26563.672
7500000	7650000	2812.244
7550000	7650000	3904.4106
7600000	7650000	10085.661
7650000	7650000	27459.875
7500000	7700000	2468.439
7550000	7700000	3206.1401
7600000	7700000	6286.992
7650000	7700000	10850.023
7700000	7700000	26043.127
7500000	7750000	2008.8027
7550000	7750000	2453.0627
7600000	7750000	3845.2822
7650000	7750000	4590.5747
7700000	7750000	10595.315
7750000	7750000	28805.504
7500000	7800000	1649.8663
7550000	7800000	2217.672
7600000	7800000	3452.9207
7650000	7800000	3782.1362
7700000	7800000	5880.9976
7750000	7800000	12146.845
7800000	7800000	27525.518
7500000	7850000	1721.7284
7550000	7850000	2153.4297
7600000	7850000	4051.0178
7650000	7850000	4737.042
7700000	7850000	5955.8257
7750000	7850000	7977.495
7800000	7850000	14153.156
7850000	7850000	27027.889
7500000	7900000	1676.3173
7550000	7900000	2244.6575
7600000	7900000	4357.465
7650000	7900000	5259.304
7700000	7900000	5588.889
7750000	7900000	5756.606
7800000	7900000	7180.537
7850000	7900000	9853.358
7900000	7900000	26334.832
7500000	7950000	1382.2858
7550000	7950000	1744.5042
7600000	7950000	3049.5647
7650000	7950000	3535.2659
7700000	7950000	3745.4338
7750000	7950000	4060.7795
7800000	7950000	4751.3184
7850000	7950000	5215.278
7900000	7950000	9489.419
7950000	7950000	24804.75
7500000	8000000	1184.7584
7550000	8000000	1375.1945
7600000	8000000	1660.9799
7650000	8000000	1671.6206
7700000	8000000	2146.288
7750000	8000000	2730.7637
7800000	8000000	2729.7852
7850000	8000000	2636.6125
7900000	8000000	3730.8738
7950000	8000000	11998.947
8000000	8000000	27132.613
7500000	8050000	904.95087
7550000	8050000	900.01843
7600000	8050000	812.8463
7650000	8050000	780.12695
7700000	8050000	1377.7233
7750000	8050000	1976.926
7800000	8050000	1754.199
7850000	8050000	1368.0276
7900000	8050000	1688.737
7950000	8050000	4393.6963
8000000	8050000	14513.564
8050000	8050000	32711.63
7500000	8100000	692.69574
7550000	8100000	745.7745
7600000	8100000	711.1468
7650000	8100000	705.4392
7700000	8100000	1016.26416
7750000	8100000	1444.8433
7800000	8100000	1330.8507
7850000	8100000	1074.9122
7900000	8100000	1253.2812
7950000	8100000	2823.1367
8000000	8100000	6616.1865
8050000	8100000	13848.203
8100000	8100000	33631.367
7500000	8150000	663.5829
7550000	8150000	818.42725
7600000	8150000	884.4972
7650000	8150000	932.9831
7700000	8150000	1036.2084
7750000	8150000	1221.4766
7800000	8150000	1269.5808
7850000	8150000	1187.8909
7900000	8150000	1518.5219
7950000	8150000	2876.759
8000000	8150000	4387.0293
8050000	8150000	5502.361
8100000	8150000	11481.396
8150000	8150000	31042.03
7500000	8200000	561.19244
7550000	8200000	637.4687
7600000	8200000	1008.1394
7650000	8200000	1148.8915
7700000	8200000	1042.0198
7750000	8200000	974.77606
7800000	8200000	1090.8273
7850000	8200000	1244.6167
7900000	8200000	1770.5006
7950000	8200000	3017.5708
8000000	8200000	3254.8086
8050000	8200000	3246.1833
8100000	8200000	5376.4014
8150000	8200000	10024.02
8200000	8200000	25831.072
7500000	8250000	455.9805
7550000	8250000	572.6761
7600000	8250000	735.67377
7650000	8250000	858.38495
7700000	8250000	791.2184
7750000	8250000	762.57135
7800000	8250000	855.06885
7850000	8250000	944.25256
7900000	8250000	1241.4355
7950000	8250000	1866.9607
8000000	8250000	1948.6412
8050000	8250000	1846.0448
8100000	8250000	2722.0183
8150000	8250000	4316.1074
8200000	8250000	9618.5205
8250000	8250000	24928.848
7500000	8300000	304.33917
7550000	8300000	381.16003
7600000	8300000	519.61865
7650000	8300000	572.97644
7700000	8300000	534.3532
7750000	8300000	473.14703
7800000	8300000	540.7193
7850000	8300000	585.7562
7900000	8300000	788.7618
7950000	8300000	1091.0046
8000000	8300000	1036.4585
8050000	8300000	941.55597
8100000	8300000	1300.9706
8150000	8300000	2149.785
8200000	8300000	3343.097
8250000	8300000	7751.881
8300000	8300000	25052.215
7500000	8350000	229.85503
7550000	8350000	316.59436
7600000	8350000	389.56384
7650000	8350000	503.08334
7700000	8350000	386.84384
7750000	8350000	349.36868
7800000	8350000	419.40942
7850000	8350000	495.47702
7900000	8350000	609.72375
7950000	8350000	735.33356
8000000	8350000	651.159
8050000	8350000	638.7465
8100000	8350000	863.6905
8150000	8350000	1504.2234
8200000	8350000	2349.2656
8250000	8350000	3473.1797
8300000	8350000	8438.756
8350000	8350000	28628.896
7500000	8400000	217.73798
7550000	8400000	265.08893
7600000	8400000	416.78375
7650000	8400000	483.9705
7700000	8400000	346.06442
7750000	8400000	276.5454
7800000	8400000	351.97885
7850000	8400000	418.68866
7900000	8400000	576.5974
7950000	8400000	608.7423
8000000	8400000	489.62427
8050000	8400000	367.1309
8100000	8400000	561.7383
8150000	8400000	1004.13074
8200000	8400000	1887.7197
8250000	8400000	2498.7466
8300000	8400000	4275.8594
8350000	8400000	8495.155
8400000	8400000	26951.807
7500000	8450000	189.70114
7550000	8450000	216.92029
7600000	8450000	362.09894
7650000	8450000	444.44156
7700000	8450000	307.7703
7750000	8450000	244.29501
7800000	8450000	302.83206
7850000	8450000	369.65665
7900000	8450000	492.65894
7950000	8450000	574.14044
8000000	8450000	480.19308
8050000	8450000	378.66348
8100000	8450000	545.63214
8150000	8450000	949.67163
8200000	8450000	1632.9702
8250000	8450000	2242.9219
8300000	8450000	3313.373
8350000	8450000	4377.0483
8400000	8450000	8839.721
8450000	8450000	27048.523
7500000	8500000	188.92812
7550000	8500000	249.69781
7600000	8500000	347.01263
7650000	8500000	430.13687
7700000	8500000	328.6298
7750000	8500000	277.37155
7800000	8500000	315.08926
7850000	8500000	392.0023
7900000	8500000	525.41003
7950000	8500000	633.4894
8000000	8500000	484.4885
8050000	8500000	408.35074
8100000	8500000	584.72577
8150000	8500000	988.07623
8200000	8500000	1582.4388
8250000	8500000	2231.8894
8300000	8500000	3428.1096
8350000	8500000	3827.3696
8400000	8500000	5214.832
8450000	8500000	9653.605
8500000	8500000	25528.455
7500000	8550000	167.99988
7550000	8550000	226.58377
7600000	8550000	355.3928
7650000	8550000	466.3759
7700000	8550000	336.566
7750000	8550000	240.34595
7800000	8550000	318.0762
7850000	8550000	396.8927
7900000	8550000	564.8009
7950000	8550000	573.7659
8000000	8550000	458.81305
8050000	8550000	350.66074
8100000	8550000	490.6158
8150000	8550000	918.36523
8200000	8550000	1678.7333
8250000	8550000	2271.6104
8300000	8550000	3409.0896
8350000	8550000	3541.8845
8400000	8550000	4579.695
8450000	8550000	5313.75
8500000	8550000	9065.127
8550000	8550000	26890.217
7500000	8600000	200.13556
7550000	8600000	220.85204
7600000	8600000	391.325
7650000	8600000	469.006
7700000	8600000	332.99817
7750000	8600000	274.29178
7800000	8600000	293.69434
7850000	8600000	394.46948
7900000	8600000	616.9284
7950000	8600000	832.6185
8000000	8600000	682.5091
8050000	8600000	501.61172
8100000	8600000	691.3233
8150000	8600000	1111.112
8200000	8600000	2022.2269
8250000	8600000	3133.8274
8300000	8600000	4690.9595
8350000	8600000	3866.059
8400000	8600000	4313.097
8450000	8600000	4661.337
8500000	8600000	5071.8833
8550000	8600000	8686.266
8600000	8600000	24776.047
7500000	8650000	213.25116
7550000	8650000	225.95613
7600000	8650000	340.22784
7650000	8650000	391.14655
7700000	8650000	331.15454
7750000	8650000	335.01663
7800000	8650000	356.0216
7850000	8650000	432.44284
7900000	8650000	608.55444
7950000	8650000	922.5135
8000000	8650000	754.81555
8050000	8650000	636.0293
8100000	8650000	911.8486
8150000	8650000	1292.4734
8200000	8650000	1943.6401
8250000	8650000	3373.1726
8300000	8650000	4673.576
8350000	8650000	3088.8308
8400000	8650000	3060.2544
8450000	8650000	3463.3926
8500000	8650000	3317.8933
8550000	8650000	3662.9446
8600000	8650000	6779.6797
8650000	8650000	24430.863
7500000	8700000	202.73088
7550000	8700000	247.6309
7600000	8700000	241.37447
7650000	8700000	264.44308
7700000	8700000	290.86084
7750000	8700000	303.0916
7800000	8700000	339.27313
7850000	8700000	342.15015
7900000	8700000	353.43015
7950000	8700000	538.10187
8000000	8700000	574.0924
8050000	8700000	642.54846
8100000	8700000	806.1041
8150000	8700000	983.17554
8200000	8700000	1169.9896
8250000	8700000	1845.828
8300000	8700000	2177.2036
8350000	8700000	1636.773
8400000	8700000	1444.6478
8450000	8700000	1615.6382
8500000	8700000	1665.5266
8550000	8700000	1702.3613
8600000	8700000	2405.112
8650000	8700000	9169.92
8700000	8700000	33016.87
7500000	8750000	166.13716
7550000	8750000	200.14186
7600000	8750000	184.9051
7650000	8750000	188.09508
7700000	8750000	251.24455
7750000	8750000	314.8258
7800000	8750000	316.58936
7850000	8750000	260.1127
7900000	8750000	274.32364
7950000	8750000	428.9029
8000000	8750000	592.02106
8050000	8750000	761.904
8100000	8750000	868.6196
8150000	8750000	814.33594
8200000	8750000	807.9361
8250000	8750000	1433.0897
8300000	8750000	1790.4801
8350000	8750000	1290.4302
8400000	8750000	1015.4377
8450000	8750000	1296.7831
8500000	8750000	1333.535
8550000	8750000	1181.1658
8600000	8750000	1809.1184
8650000	8750000	4800.275
8700000	8750000	12282.991
8750000	8750000	30982.43
7500000	8800000	150.47266
7550000	8800000	177.41655
7600000	8800000	133.98921
7650000	8800000	159.2094
7700000	8800000	231.5585
7750000	8800000	246.33717
7800000	8800000	249.18666
7850000	8800000	222.39914
7900000	8800000	258.81747
7950000	8800000	373.97638
8000000	8800000	445.52362
8050000	8800000	652.29
8100000	8800000	696.9812
8150000	8800000	605.2309
8200000	8800000	624.51685
8250000	8800000	1159.6007
8300000	8800000	1411.761
8350000	8800000	1049.2151
8400000	8800000	876.51184
8450000	8800000	1147.6765
8500000	8800000	1171.6758
8550000	8800000	1074.0759
8600000	8800000	1554.872
8650000	8800000	3226.476
8700000	8800000	5645.5786
8750000	8800000	11416.886
8800000	8800000	31816.482
7500000	8850000	124.504654
7550000	8850000	134.97917
7600000	8850000	140.09006
7650000	8850000	169.37181
7700000	8850000	205.2876
7750000	8850000	234.71552
7800000	8850000	243.45131
7850000	8850000	205.13446
7900000	8850000	238.70203
7950000	8850000	382.43158
8000000	8850000	484.4564
8050000	8850000	589.4005
8100000	8850000	715.9818
8150000	8850000	651.54425
8200000	8850000	658.9666
8250000	8850000	1220.3385
8300000	8850000	1465.2289
8350000	8850000	1077.0105
8400000	8850000	910.13574
8450000	8850000	1171.2035
8500000	8850000	1161.8784
8550000	8850000	1098.3203
8600000	8850000	1638.1807
8650000	8850000	3243.5784
8700000	8850000	5263.3013
8750000	8850000	8472.193
8800000	8850000	15949.944
8850000	8850000	30396.152
7500000	8900000	84.74423
7550000	8900000	101.93091
7600000	8900000	162.98225
7650000	8900000	200.88329
7700000	8900000	164.74486
7750000	8900000	132.2794
7800000	8900000	185.88748
7850000	8900000	199.0027
7900000	8900000	250.39618
7950000	8900000	346.54022
8000000	8900000	285.59006
8050000	8900000	244.6779
8100000	8900000	292.32657
8150000	8900000	478.91223
8200000	8900000	802.3058
8250000	8900000	1248.3605
8300000	8900000	1861.688
8350000	8900000	1507.2147
8400000	8900000	1667.654
8450000	8900000	1830.4309
8500000	8900000	1836.7823
8550000	8900000	2018.5708
8600000	8900000	2485.2104
8650000	8900000	3305.556
8700000	8900000	2859.7966
8750000	8900000	3379.6414
8800000	8900000	4047.7612
8850000	8900000	6170.042
8900000	8900000	24142.139
7500000	8950000	74.17052
7550000	8950000	97.709236
7600000	8950000	158.80127
7650000	8950000	209.55946
7700000	8950000	155.18849
7750000	8950000	109.26564
7800000	8950000	124.52588
7850000	8950000	168.36331
7900000	8950000	213.82928
7950000	8950000	207.532
8000000	8950000	184.01244
8050000	8950000	136.3219
8100000	8950000	187.59343
8150000	8950000	328.78256
8200000	8950000	593.61896
8250000	8950000	805.7138
8300000	8950000	1106.5457
8350000	8950000	1177.5452
8400000	8950000	1526.4673
8450000	8950000	1485.5602
8500000	8950000	1507.6985
8550000	8950000	1755.6921
8600000	8950000	1841.0713
8650000	8950000	1578.1187
8700000	8950000	1150.5533
8750000	8950000	997.5186
8800000	8950000	1147.6487
8850000	8950000	1473.2056
8900000	8950000	7013.263
8950000	8950000	26920.896
7500000	9000000	65.99209
7550000	9000000	84.8124
7600000	9000000	149.89778
7650000	9000000	197.99327
7700000	9000000	132.19746
7750000	9000000	95.62558
7800000	9000000	117.30257
7850000	9000000	156.58537
7900000	9000000	230.54854
7950000	9000000	200.47777
8000000	9000000	165.41338
8050000	9000000	114.061295
8100000	9000000	159.20677
8150000	9000000	262.5192
8200000	9000000	486.64014
8250000	9000000	617.21356
8300000	9000000	825.77155
8350000	9000000	991.6434
8400000	9000000	1177.536
8450000	9000000	1230.7266
8500000	9000000	1200.5405
8550000	9000000	1459.614
8600000	9000000	1379.5735
8650000	9000000	1164.1528
8700000	9000000	850.4008
8750000	9000000	786.7887
8800000	9000000	907.9826
8850000	9000000	1248.0898
8900000	9000000	3732.271
8950000	9000000	8328.411
9000000	9000000	28170.291
7500000	9050000	78.6402
7550000	9050000	118.75184
7600000	9050000	163.75911
7650000	9050000	166.41238
7700000	9050000	149.31348
7750000	9050000	93.90838
7800000	9050000	119.978165
7850000	9050000	147.07202
7900000	9050000	214.32289
7950000	9050000	203.23306
8000000	9050000	132.47427
8050000	9050000	134.4256
8100000	9050000	145.87173
8150000	9050000	299.38293
8200000	9050000	485.09485
8250000	9050000	577.9891
8300000	9050000	766.05206
8350000	9050000	855.22864
8400000	9050000	1105.6115
8450000	9050000	1081.2429
8500000	9050000	1075.6929
8550000	9050000	1243.3082
8600000	9050000	1250.2501
8650000	9050000	1101.1188
8700000	9050000	794.2275
8750000	9050000	779.45905
8800000	9050000	853.77527
8850000	9050000	1108.5148
8900000	9050000	3060.1326
8950000	9050000	4853.637
9000000	9050000	8893.605
9050000	9050000	26075.158
7500000	9100000	63.434143
7550000	9100000	98.79972
7600000	9100000	143.08104
7650000	9100000	156.34372
7700000	9100000	145.75554
7750000	9100000	114.89608
7800000	9100000	124.951355
7850000	9100000	129.2666
7900000	9100000	205.14618
7950000	9100000	191.38214
8000000	9100000	165.08818
8050000	9100000	163.50526
8100000	9100000	212.09709
8150000	9100000	295.86157
8200000	9100000	417.98492
8250000	9100000	569.7057
8300000	9100000	743.4625
8350000	9100000	840.857
8400000	9100000	913.7881
8450000	9100000	838.7242
8500000	9100000	946.8183
8550000	9100000	989.75665
8600000	9100000	1018.2974
8650000	9100000	983.59033
8700000	9100000	866.1472
8750000	9100000	917.5005
8800000	9100000	1069.5859
8850000	9100000	1329.079
8900000	9100000	2803.5554
8950000	9100000	3381.3818
9000000	9100000	4534.7144
9050000	9100000	8618.911
9100000	9100000	26752.523
7500000	9150000	73.14962
7550000	9150000	115.15839
7600000	9150000	126.08976
7650000	9150000	142.9472
7700000	9150000	119.41021
7750000	9150000	117.26299
7800000	9150000	113.25851
7850000	9150000	129.29097
7900000	9150000	152.91344
7950000	9150000	186.6498
8000000	9150000	152.88824
8050000	9150000	143.82414
8100000	9150000	204.48624
8150000	9150000	280.38168
8200000	9150000	401.81387
8250000	9150000	554.18036
8300000	9150000	753.7676
8350000	9150000	789.4522
8400000	9150000	829.5278
8450000	9150000	809.848
8500000	9150000	842.1765
8550000	9150000	857.27045
8600000	9150000	917.143
8650000	9150000	988.28503
8700000	9150000	863.8234
8750000	9150000	906.5921
8800000	9150000	1147.2631
8850000	9150000	1391.8324
8900000	9150000	2726.3867
8950000	9150000	3070.2761
9000000	9150000	3582.5479
9050000	9150000	4665.388
9100000	9150000	8966.096
9150000	9150000	26561.887
7500000	9200000	72.84499
7550000	9200000	81.47297
7600000	9200000	113.239296
7650000	9200000	134.07753
7700000	9200000	122.87973
7750000	9200000	106.492
7800000	9200000	115.13657
7850000	9200000	134.70035
7900000	9200000	152.27663
7950000	9200000	170.35484
8000000	9200000	114.66796
8050000	9200000	147.6934
8100000	9200000	151.31186
8150000	9200000	244.41972
8200000	9200000	346.9049
8250000	9200000	504.56958
8300000	9200000	635.9059
8350000	9200000	706.7439
8400000	9200000	764.5295
8450000	9200000	750.54193
8500000	9200000	764.2809
8550000	9200000	836.5886
8600000	9200000	824.2154
8650000	9200000	880.1392
8700000	9200000	756.7912
8750000	9200000	761.0977
8800000	9200000	1011.1534
8850000	9200000	1187.8751
8900000	9200000	2291.47
8950000	9200000	2506.8926
9000000	9200000	2688.8823
9050000	9200000	3124.2117
9100000	9200000	3894.9517
9150000	9200000	7407.6562
9200000	9200000	26676.549
7500000	9250000	66.15253
7550000	9250000	77.01973
7600000	9250000	117.526505
7650000	9250000	109.08073
7700000	9250000	99.49598
7750000	9250000	95.37736
7800000	9250000	105.186104
7850000	9250000	124.78022
7900000	9250000	162.5316
7950000	9250000	157.5951
8000000	9250000	166.5869
8050000	9250000	135.28857
8100000	9250000	158.50815
8150000	9250000	262.25925
8200000	9250000	342.61057
8250000	9250000	431.83298
8300000	9250000	588.5832
8350000	9250000	630.3232
8400000	9250000	637.18396
8450000	9250000	669.55316
8500000	9250000	717.6389
8550000	9250000	727.2147
8600000	9250000	707.6014
8650000	9250000	763.8126
8700000	9250000	796.73413
8750000	9250000	771.6446
8800000	9250000	893.53253
8850000	9250000	1161.5659
8900000	9250000	2011.6351
8950000	9250000	2004.1185
9000000	9250000	2206.0896
9050000	9250000	2393.5227
9100000	9250000	2845.4565
9150000	9250000	4354.5903
9200000	9250000	9449.638
9250000	9250000	28144.283
7500000	9300000	67.93474
7550000	9300000	88.0899
7600000	9300000	112.474884
7650000	9300000	130.6097
7700000	9300000	114.64761
7750000	9300000	97.18065
7800000	9300000	107.50201
7850000	9300000	118.54575
7900000	9300000	135.95064
7950000	9300000	164.82591
8000000	9300000	140.28026
8050000	9300000	126.41023
8100000	9300000	161.34483
8150000	9300000	269.3248
8200000	9300000	305.79257
8250000	9300000	439.8503
8300000	9300000	560.6412
8350000	9300000	584.153
8400000	9300000	633.7733
8450000	9300000	661.77814
8500000	9300000	692.03546
8550000	9300000	656.9898
8600000	9300000	686.0746
8650000	9300000	811.6361
8700000	9300000	703.89966
8750000	9300000	825.598
8800000	9300000	983.25806
8850000	9300000	1231.7983
8900000	9300000	1956.3378
8950000	9300000	1870.5872
9000000	9300000	2056.4336
9050000	9300000	2177.9082
9100000	9300000	2491.9077
9150000	9300000	3465.1858
9200000	9300000	4819.2754
9250000	9300000	8720.488
9300000	9300000	27065.426
7500000	9350000	83.46259
7550000	9350000	88.67726
7600000	9350000	99.80355
7650000	9350000	126.51904
7700000	9350000	103.96815
7750000	9350000	93.29648
7800000	9350000	106.65448
7850000	9350000	99.29164
7900000	9350000	124.14345
7950000	9350000	145.74799
8000000	9350000	149.03706
8050000	9350000	124.80594
8100000	9350000	154.79596
8150000	9350000	243.39093
8200000	9350000	331.95166
8250000	9350000	440.36087
8300000	9350000	554.8517
8350000	9350000	668.1325
8400000	9350000	759.9178
8450000	9350000	720.2074
8500000	9350000	730.5965
8550000	9350000	747.13696
8600000	9350000	743.8331
8650000	9350000	810.4569
8700000	9350000	691.6582
8750000	9350000	673.8968
8800000	9350000	827.0944
8850000	9350000	1001.4515
8900000	9350000	1978.6028
8950000	9350000	2113.3752
9000000	9350000	2110.736
9050000	9350000	2262.0825
9100000	9350000	2438.7915
9150000	9350000	3096.9978
9200000	9350000	3981.3286
9250000	9350000	4800.629
9300000	9350000	9552.639
9350000	9350000	27116.96
7500000	9400000	66.09704
7550000	9400000	72.480995
7600000	9400000	92.518974
7650000	9400000	131.69533
7700000	9400000	90.145256
7750000	9400000	68.3264
7800000	9400000	105.996155
7850000	9400000	114.51681
7900000	9400000	151.62874
7950000	9400000	173.91425
8000000	9400000	154.72554
8050000	9400000	124.260345
8100000	9400000	163.97432
8150000	9400000	244.17297
8200000	9400000	352.51645
8250000	9400000	528.5517
8300000	9400000	730.1662
8350000	9400000	665.57825
8400000	9400000	729.7445
8450000	9400000	784.6639
8500000	9400000	741.9774
8550000	9400000	747.9441
8600000	9400000	874.6092
8650000	9400000	1040.6105
8700000	9400000	936.2116
8750000	9400000	1003.571
8800000	9400000	1163.678
8850000	9400000	1583.103
8900000	9400000	2767.945
8950000	9400000	2285.6309
9000000	9400000	2467.0994
9050000	9400000	2389.7039
9100000	9400000	2698.7097
9150000	9400000	3501.1667
9200000	9400000	3735.9224
9250000	9400000	4296.538
9300000	9400000	5774.417
9350000	9400000	9018.72
9400000	9400000	25705.781
7500000	9450000	59.14229
7550000	9450000	98.28553
7600000	9450000	88.829094
7650000	9450000	117.897194
7700000	9450000	87.48835
7750000	9450000	108.62208
7800000	9450000	104.04563
7850000	9450000	98.670906
7900000	9450000	124.52811
7950000	9450000	142.36766
8000000	9450000	145.13345
8050000	9450000	126.5918
8100000	9450000	182.10196
8150000	9450000	208.13232
8200000	9450000	269.7219
8250000	9450000	435.32104
8300000	9450000	546.8154
8350000	9450000	638.05176
8400000	9450000	551.7472
8450000	9450000	675.1474
8500000	9450000	645.41736
8550000	9450000	604.07654
8600000	9450000	691.5361
8650000	9450000	737.87976
8700000	9450000	711.11676
8750000	9450000	862.1138
8800000	9450000	1018.1739
8850000	9450000	1179.8834
8900000	9450000	1832.5452
8950000	9450000	1694.6433
9000000	9450000	1789.4795
9050000	9450000	1775.8405
9100000	9450000	2101.6074
9150000	9450000	2243.4229
9200000	9450000	2388.9136
9250000	9450000	2795.6516
9300000	9450000	3181.072
9350000	9450000	3427.0059
9400000	9450000	7223.5225
9450000	9450000	26568.379
7500000	9500000	42.706158
7550000	9500000	62.091278
7600000	9500000	66.38775
7650000	9500000	84.42602
7700000	9500000	68.38587
7750000	9500000	56.497837
7800000	9500000	59.978264
7850000	9500000	71.33706
7900000	9500000	104.54432
7950000	9500000	105.64162
8000000	9500000	63.431374
8050000	9500000	56.060455
8100000	9500000	82.730316
8150000	9500000	123.63866
8200000	9500000	190.17044
8250000	9500000	242.4337
8300000	9500000	324.93042
8350000	9500000	409.5955
8400000	9500000	524.22644
8450000	9500000	557.36743
8500000	9500000	545.5725
8550000	9500000	568.54016
8600000	9500000	541.00476
8650000	9500000	416.41382
8700000	9500000	327.02386
8750000	9500000	267.99475
8800000	9500000	334.6326
8850000	9500000	420.03757
8900000	9500000	960.8458
8950000	9500000	1275.3259
9000000	9500000	1270.1256
9050000	9500000	1306.4774
9100000	9500000	1276.0554
9150000	9500000	1242.5825
9200000	9500000	1413.7413
9250000	9500000	1417.7212
9300000	9500000	1502.1174
9350000	9500000	1690.6793
9400000	9500000	2270.8823
9450000	9500000	6556.47
9500000	9500000	31596.492
7500000	9550000	42.716972
7550000	9550000	55.41455
7600000	9550000	61.977592
7650000	9550000	92.40317
7700000	9550000	68.94257
7750000	9550000	52.692345
7800000	9550000	59.60134
7850000	9550000	81.70229
7900000	9550000	93.265144
7950000	9550000	84.89947
8000000	9550000	77.774284
8050000	9550000	59.42203
8100000	9550000	80.49336
8150000	9550000	109.13659
8200000	9550000	172.8406
8250000	9550000	205.76768
8300000	9550000	254.56714
8350000	9550000	376.49487
8400000	9550000	441.68524
8450000	9550000	432.54202
8500000	9550000	494.14865
8550000	9550000	507.36008
8600000	9550000	434.5953
8650000	9550000	332.6118
8700000	9550000	296.25488
8750000	9550000	260.71497
8800000	9550000	278.66922
8850000	9550000	309.228
8900000	9550000	786.0509
8950000	9550000	1094.9832
9000000	9550000	1124.5542
9050000	9550000	1136.5728
9100000	9550000	1023.93933
9150000	9550000	1033.2854
9200000	9550000	1091.7745
9250000	9550000	1140.1323
9300000	9550000	1115.2587
9350000	9550000	1419.2988
9400000	9550000	1576.6008
9450000	9550000	3336.5671
9500000	9550000	8645.465
9550000	9550000	29437.492
7500000	9600000	49.260708
7550000	9600000	42.014416
7600000	9600000	63.117977
7650000	9600000	89.07932
7700000	9600000	58.016262
7750000	9600000	70.35305
7800000	9600000	74.97989
7850000	9600000	65.524414
7900000	9600000	96.42258
7950000	9600000	102.173645
8000000	9600000	59.520473
8050000	9600000	52.561626
8100000	9600000	57.586113
8150000	9600000	79.0046
8200000	9600000	156.8741
8250000	9600000	179.13902
8300000	9600000	219.54736
8350000	9600000	299.75824
8400000	9600000	391.67087
8450000	9600000	388.20316
8500000	9600000	397.92868
8550000	9600000	449.7583
8600000	9600000	348.74207
8650000	9600000	302.1017
8700000	9600000	192.9794
8750000	9600000	189.47813
8800000	9600000	222.55089
8850000	9600000	241.45825
8900000	9600000	590.8082
8950000	9600000	934.6422
9000000	9600000	887.8773
9050000	9600000	933.4871
9100000	9600000	801.08984
9150000	9600000	825.2301
9200000	9600000	934.51135
9250000	9600000	918.9029
9300000	9600000	945.76154
9350000	9600000	1124.5419
9400000	9600000	1228.2224
9450000	9600000	2359.154
9500000	9600000	3895.0889
9550000	9600000	7625.8643
9600000	9600000	28735.645
7500000	9650000	36.249466
7550000	9650000	48.332996
7600000	9650000	55.040188
7650000	9650000	73.14053
7700000	9650000	67.01716
7750000	9650000	38.84808
7800000	9650000	60.869408
7850000	9650000	66.20828
7900000	9650000	71.370995
7950000	9650000	86.16723
8000000	9650000	65.231544
8050000	9650000	42.87618
8100000	9650000	63.628094
8150000	9650000	106.94674
8200000	9650000	145.98601
8250000	9650000	159.78302
8300000	9650000	238.43573
8350000	9650000	272.1005
8400000	9650000	339.15973
8450000	9650000	357.1902
8500000	9650000	359.23367
8550000	9650000	344.73782
8600000	9650000	318.78656
8650000	9650000	233.41905
8700000	9650000	156.35829
8750000	9650000	184.5999
8800000	9650000	191.7944
8850000	9650000	251.37158
8900000	9650000	505.80136
8950000	9650000	793.91064
9000000	9650000	776.62823
9050000	9650000	787.91675
9100000	9650000	722.4037
9150000	9650000	694.54144
9200000	9650000	711.56726
9250000	9650000	813.9604
9300000	9650000	843.0627
9350000	9650000	887.54535
9400000	9650000	1032.4368
9450000	9650000	1917.6606
9500000	9650000	2610.922
9550000	9650000	3605.4966
9600000	9650000	8771.765
9650000	9650000	27387.166
7500000	9700000	37.165535
7550000	9700000	44.412193
7600000	9700000	57.305004
7650000	9700000	72.89223
7700000	9700000	48.04167
7750000	9700000	27.53203
7800000	9700000	46.480354
7850000	9700000	55.58885
7900000	9700000	69.16445
7950000	9700000	66.181625
8000000	9700000	47.03671
8050000	9700000	27.48513
8100000	9700000	46.45687
8150000	9700000	83.55335
8200000	9700000	122.89016
8250000	9700000	139.53807
8300000	9700000	158.57964
8350000	9700000	221.32846
8400000	9700000	271.66998
8450000	9700000	284.59775
8500000	9700000	277.63757
8550000	9700000	301.96124
8600000	9700000	286.84186
8650000	9700000	188.92844
8700000	9700000	122.82524
8750000	9700000	132.89232
8800000	9700000	145.40889
8850000	9700000	150.88438
8900000	9700000	382.7306
8950000	9700000	643.70636
9000000	9700000	635.1436
9050000	9700000	651.20404
9100000	9700000	567.0563
9150000	9700000	467.1327
9200000	9700000	554.8479
9250000	9700000	564.49
9300000	9700000	589.62317
9350000	9700000	671.3959
9400000	9700000	714.7932
9450000	9700000	1030.4578
9500000	9700000	1811.7045
9550000	9700000	2372.5999
9600000	9700000	3542.5884
9650000	9700000	7827.033
9700000	9700000	28671.516
7500000	9750000	27.280117
7550000	9750000	34.859085
7600000	9750000	49.24753
7650000	9750000	52.141514
7700000	9750000	50.09338
7750000	9750000	23.041367
7800000	9750000	32.230675
7850000	9750000	54.912193
7900000	9750000	69.90394
7950000	9750000	48.989758
8000000	9750000	36.049778
8050000	9750000	30.125353
8100000	9750000	41.820133
8150000	9750000	64.54174
8200000	9750000	101.88503
8250000	9750000	112.42509
8300000	9750000	149.33925
8350000	9750000	172.93996
8400000	9750000	232.94983
8450000	9750000	253.05875
8500000	9750000	242.89612
8550000	9750000	231.88905
8600000	9750000	233.0416
8650000	9750000	159.4878
8700000	9750000	119.23825
8750000	9750000	120.02953
8800000	9750000	136.54922
8850000	9750000	128.5052
8900000	9750000	302.5947
8950000	9750000	489.01334
9000000	9750000	452.1696
9050000	9750000	543.0675
9100000	9750000	436.43774
9150000	9750000	428.03473
9200000	9750000	465.80258
9250000	9750000	440.57404
9300000	9750000	509.61734
9350000	9750000	556.50366
9400000	9750000	493.3326
9450000	9750000	868.2815
9500000	9750000	1395.3962
9550000	9750000	1685.817
9600000	9750000	2536.359
9650000	9750000	3602.2373
9700000	9750000	7952.9536
9750000	9750000	26760.115
7500000	9800000	31.22643
7550000	9800000	34.139313
7600000	9800000	41.043842
7650000	9800000	45.93296
7700000	9800000	47.839462
7750000	9800000	46.264748
7800000	9800000	43.0377
7850000	9800000	45.06688
7900000	9800000	53.335556
7950000	9800000	68.812065
8000000	9800000	42.293526
8050000	9800000	29.052443
8100000	9800000	54.646194
8150000	9800000	58.878605
8200000	9800000	78.38119
8250000	9800000	94.908325
8300000	9800000	98.13366
8350000	9800000	152.39638
8400000	9800000	168.75012
8450000	9800000	215.8416
8500000	9800000	185.32574
8550000	9800000	190.28056
8600000	9800000	178.61655
8650000	9800000	129.5972
8700000	9800000	104.88936
8750000	9800000	110.24258
8800000	9800000	122.17235
8850000	9800000	145.4388
8900000	9800000	221.80293
8950000	9800000	360.8578
9000000	9800000	325.12924
9050000	9800000	379.22235
9100000	9800000	344.27676
9150000	9800000	319.8624
9200000	9800000	349.22208
9250000	9800000	405.72388
9300000	9800000	355.022
9350000	9800000	404.43674
9400000	9800000	451.36456
9450000	9800000	658.71185
9500000	9800000	836.6525
9550000	9800000	1064.698
9600000	9800000	1507.821
9650000	9800000	1966.612
9700000	9800000	2922.284
9750000	9800000	6689.757
9800000	9800000	24201.639
7500000	9850000	28.994415
7550000	9850000	35.262165
7600000	9850000	39.349022
7650000	9850000	55.512367
7700000	9850000	45.394966
7750000	9850000	44.827084
7800000	9850000	46.956448
7850000	9850000	48.276382
7900000	9850000	54.116524
7950000	9850000	49.141747
8000000	9850000	43.99149
8050000	9850000	56.718395
8100000	9850000	64.97064
8150000	9850000	71.842064
8200000	9850000	89.49039
8250000	9850000	90.36369
8300000	9850000	117.87646
8350000	9850000	141.42311
8400000	9850000	141.68692
8450000	9850000	151.52652
8500000	9850000	153.77441
8550000	9850000	157.88568
8600000	9850000	145.63301
8650000	9850000	139.7113
8700000	9850000	144.1432
8750000	9850000	160.13687
8800000	9850000	199.76398
8850000	9850000	201.61891
8900000	9850000	226.07501
8950000	9850000	260.054
9000000	9850000	234.68645
9050000	9850000	270.90778
9100000	9850000	283.21786
9150000	9850000	303.98038
9200000	9850000	313.53226
9250000	9850000	365.19995
9300000	9850000	352.17056
9350000	9850000	316.4895
9400000	9850000	334.27316
9450000	9850000	501.09348
9500000	9850000	525.6136
9550000	9850000	622.67816
9600000	9850000	859.0749
9650000	9850000	1147.7244
9700000	9850000	1517.064
9750000	9850000	2472.911
9800000	9850000	7576.1167
9850000	9850000	23325.832
7500000	9900000	63.5518
7550000	9900000	48.582195
7600000	9900000	51.2259
7650000	9900000	54.54052
7700000	9900000	57.52164
7750000	9900000	76.91347
7800000	9900000	66.503525
7850000	9900000	62.29533
7900000	9900000	64.21081
7950000	9900000	53.487755
8000000	9900000	88.709465
8050000	9900000	102.21782
8100000	9900000	107.90956
8150000	9900000	116.176384
8200000	9900000	97.127045
8250000	9900000	128.66293
8300000	9900000	140.54434
8350000	9900000	169.0473
8400000	9900000	157.27899
8450000	9900000	143.22034
8500000	9900000	141.04915
8550000	9900000	135.16553
8600000	9900000	148.96358
8650000	9900000	163.5248
8700000	9900000	232.13911
8750000	9900000	273.87216
8800000	9900000	352.3995
8850000	9900000	327.37186
8900000	9900000	256.8474
8950000	9900000	211.47931
9000000	9900000	205.2367
9050000	9900000	219.001
9100000	9900000	288.93854
9150000	9900000	309.41922
9200000	9900000	325.31705
9250000	9900000	371.81042
9300000	9900000	392.13257
9350000	9900000	318.0338
9400000	9900000	356.7082
9450000	9900000	443.05453
9500000	9900000	385.00073
9550000	9900000	490.67746
9600000	9900000	537.39996
9650000	9900000	673.28253
9700000	9900000	844.3257
9750000	9900000	1250.462
9800000	9900000	2910.9382
9850000	9900000	9011.953
9900000	9900000	29680.984
7500000	9950000	55.0615
7550000	9950000	57.397884
7600000	9950000	47.93288
7650000	9950000	48.16034
7700000	9950000	48.99633
7750000	9950000	49.978573
7800000	9950000	64.53316
7850000	9950000	53.70961
7900000	9950000	48.342697
7950000	9950000	58.960396
8000000	9950000	70.17487
8050000	9950000	81.14183
8100000	9950000	74.56654
8150000	9950000	101.86834
8200000	9950000	102.434425
8250000	9950000	111.47402
8300000	9950000	130.7405
8350000	9950000	146.90039
8400000	9950000	130.98761
8450000	9950000	142.78458
8500000	9950000	145.75781
8550000	9950000	133.22923
8600000	9950000	154.87508
8650000	9950000	161.14384
8700000	9950000	212.8132
8750000	9950000	267.71063
8800000	9950000	294.03104
8850000	9950000	254.14796
8900000	9950000	241.28069
8950000	9950000	206.98859
9000000	9950000	210.52356
9050000	9950000	255.57253
9100000	9950000	317.70566
9150000	9950000	306.75388
9200000	9950000	307.04294
9250000	9950000	327.72055
9300000	9950000	405.07504
9350000	9950000	338.2657
9400000	9950000	360.91388
9450000	9950000	461.54
9500000	9950000	438.17545
9550000	9950000	482.1414
9600000	9950000	579.48975
9650000	9950000	701.7779
9700000	9950000	900.757
9750000	9950000	1258.3568
9800000	9950000	2682.9604
9850000	9950000	5993.479
9900000	9950000	10835.421
9950000	9950000	27644.443
7500000	10000000	40.975567
7550000	10000000	45.711746
7600000	10000000	40.230003
7650000	10000000	54.00321
7700000	10000000	46.565247
7750000	10000000	39.150486
7800000	10000000	45.887753
7850000	10000000	58.0053
7900000	10000000	61.612312
7950000	10000000	60.35717
8000000	10000000	60.860935
8050000	10000000	56.95275
8100000	10000000	66.31565
8150000	10000000	87.635414
8200000	10000000	97.456474
8250000	10000000	97.108826
8300000	10000000	133.29007
8350000	10000000	147.267
8400000	10000000	143.35019
8450000	10000000	143.8067
8500000	10000000	157.5179
8550000	10000000	158.15512
8600000	10000000	138.7444
8650000	10000000	147.65587
8700000	10000000	146.90588
8750000	10000000	177.42632
8800000	10000000	186.91528
8850000	10000000	219.49341
8900000	10000000	216.91985
8950000	10000000	231.27324
9000000	10000000	237.85481
9050000	10000000	264.6604
9100000	10000000	304.16135
9150000	10000000	298.82745
9200000	10000000	298.30203
9250000	10000000	319.1251
9300000	10000000	363.30365
9350000	10000000	334.53586
9400000	10000000	348.9717
9450000	10000000	444.85632
9500000	10000000	498.62964
9550000	10000000	585.7225
9600000	10000000	718.06165
9650000	10000000	828.0811
9700000	10000000	1011.07874
9750000	10000000	1549.0531
9800000	10000000	2950.8774
9850000	10000000	5194.15
9900000	10000000	5852.829
9950000	10000000	10701.372
10000000	10000000	26469.062
